191

0 37
^ 22
| 7
< 1
_ 12
# 19
b 24
d 24
c 28
o 33
g 40
l 47
w 52
p 67
e 79
i 103
r 113
t 130
& 139
@ 142
% 145
[ 146
] 147
: 148
; 149
. 150
+ 151
- 152
* 153
/ 154
~ 155
( 156
) 157
! 158
= 160
> 162
, 187
" 0

1 3
} 6
- 2
= 5

2 1
- 3

3 1
- 4

4 1
} 165

165 -1
1

5 1
} 166

166 -1
48

6 -1
47

7 3
} 11
| 7
. 8

8 1
| 9

9 1
| 10

10 1
} 167

167 -1
6

11 -1
5

12 2
? 17
m 13

13 2
? 17
a 14

14 2
? 17
i 15

15 2
? 17
n 16

16 2
} 168
? 17

168 -1
16

17 3
} 18
? 17
| 17

18 -1
7

19 1
^ 20

20 2
} 21
^ 20

21 -1
8

22 2
} 23
^ 22

23 -1
3

24 8
} 23
^ 22
2 25
3 25
4 25
5 25
6 25
7 25

25 10
} 27
b 25
c 25
d 25
2 26
3 26
4 26
5 26
6 26
7 26

26 7
} 27
2 26
3 26
4 26
5 26
6 26
7 26

27 -1
4

28 9
} 23
^ 22
2 25
3 25
4 25
5 25
6 25
7 25
a 29

29 3
} 23
^ 22
l 30

30 3
} 23
^ 22
l 31

31 2
} 32
^ 22

32 -1
40

33 3
} 23
^ 22
u 34

34 3
} 23
^ 22
t 35

35 3
} 23
^ 22
p 36

36 3
} 23
^ 22
u 37

37 3
} 23
^ 22
t 38

38 2
} 39
^ 22

39 -1
23

40 3
} 23
^ 22
l 41

41 3
} 23
^ 22
o 42

42 3
} 23
^ 22
b 43

43 3
} 23
^ 22
a 44

44 3
} 23
^ 22
l 45

45 2
} 46
^ 22

46 -1
17

47 3
} 23
^ 22
i 48

48 3
} 23
^ 22
s 49

49 3
} 23
^ 22
t 50

50 2
} 51
^ 22

51 -1
19

52 5
} 23
^ 22
i 53
h 57
r 62

53 3
} 23
^ 22
t 54

54 3
} 23
^ 22
h 55

55 2
} 56
^ 22

56 -1
9

57 3
} 23
^ 22
i 58

58 3
} 23
^ 22
l 59

59 3
} 23
^ 22
e 60

60 2
} 61
^ 22

61 -1
12

62 3
} 23
^ 22
i 63

63 3
} 23
^ 22
t 64

64 3
} 23
^ 22
e 65

65 2
} 66
^ 22

66 -1
34

67 3
} 23
^ 22
a 68

68 3
} 23
^ 22
r 69

69 3
} 23
^ 22
a 70

70 3
} 23
^ 22
m 71

71 3
} 23
^ 22
e 72

72 3
} 23
^ 22
t 73

73 3
} 23
^ 22
e 74

74 3
} 23
^ 22
r 75

75 3
} 76
^ 22
s 77

76 -1
18

77 2
} 78
^ 22

78 -1
10

79 4
} 23
^ 22
n 80
l 99

80 3
} 23
^ 22
d 81

81 5
} 82
^ 22
i 83
w 86
r 92

82 -1
11

83 3
} 23
^ 22
f 84

84 2
} 85
^ 22

85 -1
32

86 3
} 23
^ 22
h 87

87 3
} 23
^ 22
i 88

88 3
} 23
^ 22
l 89

89 3
} 23
^ 22
e 90

90 2
} 91
^ 22

91 -1
27

92 3
} 23
^ 22
e 93

93 3
} 23
^ 22
c 94

94 3
} 23
^ 22
o 95

95 3
} 23
^ 22
r 96

96 3
} 23
^ 22
d 97

97 2
} 98
^ 22

98 -1
42

99 3
} 23
^ 22
s 100

100 3
} 23
^ 22
e 101

101 2
} 102
^ 22

102 -1
43

103 4
} 23
^ 22
n 104
f 111

104 4
} 23
^ 22
t 105
p 107

105 2
} 106
^ 22

106 -1
13

107 3
} 23
^ 22
u 108

108 3
} 23
^ 22
t 109

109 2
} 110
^ 22

110 -1
22

111 2
} 112
^ 22

112 -1
30

113 3
} 23
^ 22
e 114

114 5
} 23
^ 22
a 115
t 120
c 125

115 4
} 23
^ 22
l 116
d 118

116 2
} 117
^ 22

117 -1
14

118 2
} 119
^ 22

119 -1
33

120 3
} 23
^ 22
u 121

121 3
} 23
^ 22
r 122

122 3
} 23
^ 22
n 123

123 2
} 124
^ 22

124 -1
35

125 3
} 23
^ 22
o 126

126 3
} 23
^ 22
r 127

127 3
} 23
^ 22
d 128

128 2
} 129
^ 22

129 -1
41

130 4
} 23
^ 22
y 131
h 135

131 3
} 23
^ 22
p 132

132 3
} 23
^ 22
e 133

133 2
} 134
^ 22

134 -1
15

135 3
} 23
^ 22
e 136

136 3
} 23
^ 22
n 137

137 2
} 138
^ 22

138 -1
31

139 1
& 140

140 1
& 141

141 1
} 169

169 -1
44

142 1
@ 143

143 1
@ 144

144 1
} 170

170 -1
45

145 1
} 171

171 -1
2

146 1
} 172

172 -1
20

147 1
} 173

173 -1
21

148 1
} 174

174 -1
25

149 1
} 175

175 -1
24

150 1
} 176

176 -1
26

151 1
} 177

177 -1
36

152 1
} 178

178 -1
37

153 1
} 179

179 -1
38

154 1
} 180

180 -1
39

155 1
} 181

181 -1
46

156 1
} 182

182 -1
28

157 1
} 183

183 -1
29

158 1
= 159

159 1
} 184

184 -1
52

160 1
= 161

161 1
} 185

185 -1
49

162 2
} 164
= 163

163 1
} 186

186 -1
51

164 -1
50

187 1
} 188

188 -1
53

189 2
} 189
$ 190

190 -1
55
