51

0 2
7
16

1 2
0
7

2 1
16

3 11 
41
15
4
8
12
30
33
34
20
40
35

4 1
7

5 1 
22

6 2
0
23

7 3
13
14
41

8 3
13
14
41

9 2
0
53

10 2
13
14

11 1
41

12 2
0
41

13 2
0
15

14 1
35

15 1
41

16 1
15

17 1
15

18 2
0
15

19 1
15

20 2
0
17

21 8
4
8
12
30
33
34
20
40

22 9
0
4
8
12
30
33
34
20
40

23 1
4

24 1
12

25 1
30

26 2
33
34

27 2
20
40

28 1
4

29 5
4
5
6
8
28

30 2
0
20

31 1
20

32 1 
4

33 5
4
5
6
28
46

34 2
32
43

35 4
4
5
6
8

36 3
4
5
6

37 5
4
5
6
8
28

38 3
0
36
37

39 2
36
37

40 5
4
5
6
8
28

41 3
0
38
39

42 2
38
39

43 4
4
5
6
8

44 2
0
26

45 0

46 2
44
45

47 6
47
48
49
50
51
52

48 2
0
20

49 2
0
53

50 2
0
26
