51

0 1
54

1 1
16

2 1
54

3 1
11

4 1
7

5 2
23
24

6 1
24

7 1
21

8 2
4
25

9 1
21

10 2
4
25

11 2
4
25

12 10
15
4
8
20
40
12
30
33
34
35


13 9
4
8
20
40
12
30
33
34
35

14 1
11

15 1
15

16 1
42

17 2
15
42

18 1
42

19 10
15
35
4
8
20
40
12
30
33
34

20 1
24

21 12
4
8
20
40
12
30
33
34
27
32
43
35

22 4
27
32
43
35

23 12
4
8
20
40
12
30
33
34
27
32
43
35

24 12
4
8
20
40
12
30
33
34
27
32
43
35

25 12
4
8
20
40
12
30
33
34
27
32
43
35

26 12
4
8
20
40
12
30
33
34
27
32
43
35

27 12
4
8
20
40
12
30
33
34
27
32
43
35

28 2
1
29

29 2
24
29

30 1
40

31 1
24

32 1
21

33 1
29

34 12
4
8
20
40
12
30
33
34
27
32
43
35

35 1
29

36 7
47
48
49
50
51
52
29

37 4
24
29
36
37

38 2
24
29

39 5
4
5
6
8
28

40 6
38
39
24
29
36
37

41 4
24
29
36
37

42 5
4
5
6
8
28

43 6
38
39
24
29
36
37

44 6
38
39
24
29
36
37

45 0

46 1
28

47 3
4
5
6

48 1
24

49 1
21

50 2
1
29
